119326.7610 70212.5424
120876.9841 80611.2079
122930.0429 83614.8047
128195.0961 68292.9908
113996.4372 84458.2174
108188.6187 74589.1058
108758.3715 70434.2574
110948.9547 82946.3637
112308.3415 65273.4686
123519.2323 62974.9773
117538.4905 87537.7776
116070.8059 62021.6536
120683.7228 60629.0692
127350.7887 62527.5914
109471.1315 64662.4110
134852.0831 75690.7830
107332.5100 84144.3939
111441.7783 88126.2089
118102.7337 90754.0034
111530.7714 61160.0757
104787.1983 68740.1482
103366.5415 73779.9501
103152.5951 76782.3868
123666.2676 58176.3382
114725.5875 58450.5458
108124.9290 61670.0825
137826.7230 78157.1292
102992.6779 68629.4453
110164.2280 90682.4796
107117.4080 88736.6313
121572.8203 93776.1978
114840.3044 93256.5926
128917.5561 57744.3369
101098.0614 70892.4921
102653.6794 83450.7858
130917.4354 91049.3088
138103.7276 82442.7681
126294.3235 55863.6358
100031.8870 78680.3234
112598.7815 55824.9062
127784.9490 55504.4539
103939.6074 60235.0021
117261.3883 96522.5390
114587.3423 53708.1757
123246.1074 52908.6285
127290.2535 53792.4931
142449.1925 70255.0823
106141.1270 56127.8258
120692.7374 51376.5982
96487.7323 71559.9894
97124.1037 81475.9048
129137.0924 52424.8186
133832.3432 94829.7107
142852.2064 83485.3016
96559.5475 66563.4473
119157.3830 100019.3616
122539.7250 49719.9420
138300.1903 92890.5373
115158.3661 49551.8173
142206.5028 88020.7250
94146.8642 75113.7793
117288.2575 48852.5334
126018.3975 48977.4702
104723.4686 52644.3170
101174.1225 55349.5219
92515.9044 72465.9033
92515.6129 78964.3627
124043.9351 102483.2117
120555.3947 46633.1557
91877.6853 68905.8938
94574.0163 60445.6350
127157.3917 46155.6767
145533.7272 90493.7076
129286.8895 46178.8730
129996.7214 46186.6059
89821.0695 77603.1267
140564.3033 51741.9509
97484.3662 53892.5389
90813.6716 64561.3467
106642.6636 46712.6653
140425.8445 49599.0797
104158.4587 46252.1469
107392.0070 105443.7444
92232.7608 57068.5645
119495.5261 41417.2690
100111.8624 47970.4386
96846.2854 50621.1701
132824.2099 106445.9180
87054.0155 66221.3975
126595.3089 41204.0539
129988.8620 107709.8807
133178.0194 106739.9040
108249.3100 42400.9597
147010.8897 96648.6342
131067.3738 41714.7122
88046.5848 60832.9898
105437.7169 42971.8344
118006.2267 39608.8375
91807.0846 53540.2385
88542.9706 57777.6595
125816.5810 39258.0743
137925.3122 106195.4190
144948.0221 101021.2194
129366.1884 39585.0118
111474.5840 39134.7806
111474.5840 39134.7806
84003.5619 65579.4888
93652.6351 48564.0320
82302.8549 71824.5659
133058.7550 39161.4233
82727.0934 67123.6566
87620.1375 54417.5296
104800.3303 39555.2383
81805.6809 69537.9397
90813.5040 49688.0868
96137.5699 44402.8026
148135.3747 101641.8146
96776.5816 43774.1976
100539.8255 41243.4691
124400.0803 36061.9951
103025.2321 39825.3271
81379.9906 69186.4858
84924.1423 57678.8989
81195.6687 69481.6659
80743.4190 74433.0723
106576.1222 37984.7029
101889.1694 40044.3925
81591.5168 65176.1068
107996.9848 36554.7193
80178.3600 80748.3816
80178.3600 80748.3816
102315.6699 38662.0536
149764.0927 102126.3165
140966.2627 109447.8634
79749.0636 70437.4386
127075.6270 115132.8196
87051.9055 50628.4329
137356.9586 37413.1958
155658.5379 95717.8924
92588.1752 43931.2099
89890.6824 46472.3459
78897.3007 68868.5699
97700.3144 39768.7303
83220.5738 55407.6273
138978.8331 111996.4575
103168.6159 36330.6487
139168.0531 37114.0136
77763.0733 70385.0774
146564.6742 108162.5722
105086.5468 34732.5743
82013.6924 53690.7304
79389.8334 58597.6917
88612.8064 44408.1232
100967.7447 35238.5642
97061.7904 37364.3031
91949.3673 40227.4975
98979.4454 35333.3488
102601.6082 33550.9150
145637.0867 111883.8142
85702.5027 45618.2713
145565.8430 112114.3945
125441.3685 119853.3909
82438.3475 49711.3387
138617.9057 116331.8086
79671.8836 53924.3801
74882.5583 68786.6922
155905.6457 46324.3838
76906.9343 59724.0495
81019.2587 50994.8124
78466.1320 55527.3986
75277.5725 64583.2056
148046.1879 111424.2788
78323.9745 54977.3494
78182.1208 55148.9520
143860.8383 115043.3197
90955.3806 38253.0610
73647.9828 68143.0099
78819.7703 52644.7327
155423.9296 106109.4055
143483.6690 116091.6102
77826.2243 52691.4078
140243.4145 118408.5509
95899.1080 116574.5966
76762.1645 53689.8085
74724.8822 91966.5870
79527.8579 48466.8651
81727.1939 45228.6981
78534.7149 49812.6840
78180.0821 50386.0913
73784.4598 58736.0344
71660.7187 66359.3319
161314.7815 101438.0808
83217.0958 42126.7282
88967.1853 36614.8920
76051.7037 52094.3952
138823.2778 120848.4896
97134.0950 30778.7518
74420.8741 54789.2574
93938.0265 32478.9520
154776.2195 110936.0180
71374.0885 61940.7266
78746.0000 45802.5916
70524.1087 63979.8023
72647.9069 56645.2419
84281.2174 38673.4113
171018.7851 75693.2107
143639.4218 120220.6693
99691.6153 27973.7758
68896.2091 69126.0262
81370.7226 40461.3967
82506.2916 39087.6977
72362.4918 54102.4257
75623.6311 47702.5013
73283.7067 51832.7800
94009.3230 29504.6612
79738.0329 41136.8337
166285.9839 99713.0803
163291.0199 104678.8834
169842.2438 91844.6449
160249.9467 40058.5839
85984.5138 34302.4905
76402.7639 44305.1068
70376.2107 55205.6302
146873.6629 121217.6907
132158.6228 127178.0464
88824.7521 31155.4849
68463.2383 59252.6563
67472.6294 62761.5021
173554.1718 82156.2924
76827.7012 42202.6127
92233.7833 28331.2493
65917.7246 69841.1031
98769.0748 24757.7008
72500.6764 48014.6793
146254.6965 122832.8376
164348.8094 106720.3851
94071.3159 123291.1085
79197.9061 111681.6402
70727.9170 50592.4295
152775.9777 119275.9346
73918.2309 44422.5884
90600.1736 27708.1568
99735.6294 23039.7578
68245.3387 52584.8213
83356.5123 32138.6503
75832.4294 39507.6904
73335.1913 42831.8689
66686.4718 55625.8591
77038.6789 37904.0803
70795.7315 45889.4455
137874.7884 129822.2428
94826.8792 22999.5162
87190.7899 27211.5533
69305.7245 46825.5026
63497.7530 60638.5851
72567.4439 41146.9016
119098.2430 133476.1001
64415.5617 55484.9360
177720.7529 87945.7135
65051.6951 52549.3103
62079.8376 61776.2621
179393.9771 73215.0740
60526.7225 69431.3468
63351.5119 55905.7148
74786.7708 35877.3286
79024.1402 31314.5544
62148.0812 58950.0009
174497.1498 100220.0108
58467.3085 67157.3131
67243.3846 41955.7000
179898.9130 94552.0764
65611.2115 42774.9257
60510.3990 53277.6590
89704.8222 19246.2345
156462.7791 127060.7983
66815.3999 39440.9342
64050.2983 43796.7596
68233.7733 37291.8955
57890.6134 58757.3908
58099.4231 55039.0443
60341.2011 47402.8632
63904.1919 39208.1317
57552.6012 99484.4442
52510.2173 68298.8071
52215.0785 59413.8328
50875.4528 65799.8538
59927.1684 38242.9857
53125.0388 49504.2253
177918.1158 118087.3823
57665.6413 112026.5358
177843.9115 119274.5366
50288.8572 51635.5936
47676.3572 61005.5374
52343.3294 104169.1073
45344.0887 67003.9529
46165.2106 61057.4345
51285.8834 108192.1031
46388.3473 53610.4616
171693.3910 131436.3908
47588.7514 49414.5511
43918.3939 62519.1745
44403.4222 55000.8600
44327.6922 51915.5125
43899.7479 50555.9189
44604.1857 47104.4001
63847.8332 134222.8117
50092.2203 32219.7148
42683.3039 44373.9052
36765.6843 69670.3647
39854.6952 50828.3516
40061.1078 46968.4506
41827.0171 41655.1912
34774.5874 66938.1839
45212.0396 120305.5658
32716.9649 66683.6569
35999.0648 100548.0513
34029.9305 48199.4994
27542.9694 68755.1236
30313.6280 106270.9591
42358.5883 19062.1842
28700.1178 45116.2654
32456.5402 115375.5763
28131.2230 44634.7737
26643.4196 46015.8604
21863.0578 97432.3871
14115.4809 60305.2463
18463.4028 39015.7492
11142.2991 89751.6573
15971.1578 36109.9404
5288.9029 75243.6144
11194.2030 28747.5283
16756.7498 11923.9696
8683.5644 19654.2646
5853.3958 129711.3703
2704.3159 15767.9954
4316.0145 7897.3720
